 187    1    3    0    0    0   54    2   32  248   OK (calc: 248)
 187    1    3    0    0    0   54    2   32  248   OK (calc: 248)
 187    1    3    0    0    0   54    2   32  248   OK (calc: 248)
 187    1    3    0    0    0   54    2   32  248   OK (calc: 248)
 187    1    3    0    0    0   54    2   32  248   OK (calc: 248)
 187    1    3    0    0    0   54    2   32  248   OK (calc: 248)
 187    1    3    0    0    0   54    2   32  248   OK (calc: 248)
 187    1    3    0    0    0   54    2   32  248   OK (calc: 248)
 187    1    3    0    0    0   54    2   32  248   OK (calc: 248)
 187    1    3    0    0    0   54    2   32  248   OK (calc: 248)
 187    1    3    0    0    0   54    2   32  248   OK (calc: 248)
 187    1    3    0    0    0   54    2   32  248   OK (calc: 248)
 187    1    3    0    0    0   54    2   32  248   OK (calc: 248)
 187    1    3    0    0    0   54    2   32  248   OK (calc: 248)
 187    1    3    0    0    0   54    2   32  248   OK (calc: 248)
 187    1    3    0    0    0   54    2   32  248   OK (calc: 248)
 187    1    3    0    0    0   54    2   32  248   OK (calc: 248)
 187    1    3    0    0    0   54    2   32  248   OK (calc: 248)
 187    1    3    0    0    0   53    2   32  251   OK (calc: 251)
 187    1    3    0    0    0   53    2   32  251   OK (calc: 251)
 187    1    3    0    0    0   53    2   32  251   OK (calc: 251)
 187    1    3    0    0    0   53    2   32  251   OK (calc: 251)
 187    1    3    0    0    0   53    2   32  251   OK (calc: 251)
 187    1    3    0    0    0   53    2   32  251   OK (calc: 251)
 187    1    3    0    0    0   53    2   32  251   OK (calc: 251)
 187    1    3    0    0    0   53    2   32  251   OK (calc: 251)
 187    1    3    0    0    0   50    2   32  252   OK (calc: 252)
 187    1    3    0    0    0   26    2   32  212   OK (calc: 212)
 187    1    3    0    0    0  252    1   32   49   OK (calc: 49)
 187    1    3    0    0    0  223    1   36   22   OK (calc: 22)
 187    1    3    0    0    0  194    1   36   11   OK (calc: 11)
 186    1    3    0    0    0  168    1   36   96   OK (calc: 96)
 185    1    3    0    0    0  142    1   36   69   OK (calc: 69)
 160    1    3    0    0    0  117    1   36  167   OK (calc: 167)
 127    1    3    0    0    0   95    1   36   82   OK (calc: 82)
 104    1    3    0   10    0   80    1    0    0   FAIL (calc: 100)
 186    1    3    0   86    2   54    2    0  141   OK (calc: 141)
 186    1    3    0    0    0   54    2    0  217   OK (calc: 217)
 186    1    3    0    0    0   54    2    0  217   OK (calc: 217)
 186    1    3    0    0    0   54    2    0  217   OK (calc: 217)
 186    1    3    0    0    0   54    2    0  217   OK (calc: 217)
 186    1    3    0    0    0   54    2    0  217   OK (calc: 217)
 186    1    3    0    0    0   54    2    0  217   OK (calc: 217)
 186    1    3    0    0    0   54    2    0  217   OK (calc: 217)
 186    1    3    0    0    0   54    2    0  217   OK (calc: 217)
 186    1    3    0    0    0   54    2    0  217   OK (calc: 217)
 186    1    3    0    0    0   54    2    0  217   OK (calc: 217)
 186    1    3    0    0    0   54    2    0  217   OK (calc: 217)
 186    1    3    0    0    0   54    2    0  217   OK (calc: 217)
 186    1    3    0    0    0   54    2    0  217   OK (calc: 217)
 186    1    3    0    0    0   54    2    0  217   OK (calc: 217)
 186    1    3    0    0    0   54    2    0  217   OK (calc: 217)
 186    1    3    0    0    0   54    2    0  217   OK (calc: 217)
 186    1    3    0    0    0   54    2    0  217   OK (calc: 217)
 186    1    3    0    0    0   54    2    0  217   OK (calc: 217)
 186    1    3    0    0    0   54    2    0  217   OK (calc: 217)
 186    1    3    0    0    0   54    2    0  217   OK (calc: 217)
 186    1    3    0    0    0   54    2    0  217   OK (calc: 217)
 186    1    3    0    0    0   54    2    0  217   OK (calc: 217)
 186    1    3    0    0    0   54    2    0  217   OK (calc: 217)
 186    1    3    0    0    0   54    2    0  217   OK (calc: 217)
 186    1    3    0    0    0   54    2    0  217   OK (calc: 217)
 186    1    3    0    0    0   54    2    0  217   OK (calc: 217)
 186    1    3    0    0    0   54    2    0  217   OK (calc: 217)
 186    1    3    0    0    0   54    2    0  217   OK (calc: 217)
 186    1    3    0    0    0   54    2    0  217   OK (calc: 217)
 186    1    3    0    0    0   54    2    0  217   OK (calc: 217)
 186    1    3    0    0    0   54    2    0  217   OK (calc: 217)
 186    1    3    0    0    0   54    2    0  217   OK (calc: 217)
 186    1    3    0    0    0   54    2    0  217   OK (calc: 217)
 186    1    3    0    0    0   54    2    0  217   OK (calc: 217)
 186    1    3    0    0    0   54    2    0  217   OK (calc: 217)
 186    1    3    0    0    0   54    2    0  217   OK (calc: 217)
 186    1    3    0    0    0   54    2    0  217   OK (calc: 217)
 186    1    3    0    0    0   54    2    0  217   OK (calc: 217)
 186    1    3    0    0    0   54    2    0  217   OK (calc: 217)
 186    1    3    0    0    0   54    2    0  217   OK (calc: 217)
 186    1    3    0    0    0   54    2    0  217   OK (calc: 217)
 186    1    3    0    0    0   54    2    0  217   OK (calc: 217)
 186    1    3    0    0    0   54    2    0  217   OK (calc: 217)
 186    1    3    0    0    0   54    2    0  217   OK (calc: 217)
 186    1    3    0    0    0   54    2    0  217   OK (calc: 217)
 186    1    3    0    0    0   54    2    0  217   OK (calc: 217)
 186    1    3    0    0    0   54    2    0  217   OK (calc: 217)
 186    1    3    0    0    0   54    2    0  217   OK (calc: 217)
 187    1    3    0    0    0   54    2    0  216   OK (calc: 216)
 187    1    3    0    0    0   54    2    0  216   OK (calc: 216)
 187    1    3    0    0    0   54    2    0  216   OK (calc: 216)
 187    1    3    0    0    0   54    2    0  216   OK (calc: 216)
 187    1    3    0    0    0   54    2    0  216   OK (calc: 216)
 187    1    3    0    0    0   54    2    0  216   OK (calc: 216)
 187    1    3    0    0    0   54    2    0  216   OK (calc: 216)
 186    1    3    0    0    0   54    2    0  217   OK (calc: 217)
 187    1    3    0    0    0   54    2    0  216   OK (calc: 216)
 187    1    3    0    0    0   54    2    0  216   OK (calc: 216)
 187    1    3    0    0    0   54    2    0  216   OK (calc: 216)
 187    1    3    0    0    0   54    2    0  216   OK (calc: 216)
 187    1    3    0    0    0   54    2    0  216   OK (calc: 216)
 187    1    3    0    0    0   54    2    0  216   OK (calc: 216)
 187    1    3    0    0    0   54    2    0  216   OK (calc: 216)
 187    1    3    0    0    0   54    2   32  248   OK (calc: 248)
 187    1    3    0    0    0   54    2   32  248   OK (calc: 248)
 187    1    3    0    0    0   54    2   32  248   OK (calc: 248)
 187    1    3    0    0    0   54    2   32  248   OK (calc: 248)
 187    1    3    0    0    0   54    2   32  248   OK (calc: 248)
 187    1    3    0    0    0   54    2   32  248   OK (calc: 248)
 187    1    3    0    0    0   54    2   32  248   OK (calc: 248)
 187    1    3    0    0    0   54    2   32  248   OK (calc: 248)
 187    1    3    0    0    0   54    2   32  248   OK (calc: 248)
 187    1    3    0    0    0   54    2   32  248   OK (calc: 248)
 187    1    3    0    0    0   54    2   32  248   OK (calc: 248)
 187    1    3    0    0    0   54    2   32  248   OK (calc: 248)
 187    1    3    0    0    0   54    2   32  248   OK (calc: 248)
 187    1    3    0    0    0   54    2   32  248   OK (calc: 248)
 186    1    3    0    0    0   54    2   32  249   OK (calc: 249)
 186    1    3    0    0    0   54    2   32  249   OK (calc: 249)
 186    1    3    0    0    0   54    2   32  249   OK (calc: 249)
 186    1    3    0    0    0   54    2   32  249   OK (calc: 249)
 187    1    3    0    0    0   54    2   32  248   OK (calc: 248)
 186    1    3    0    0    0   54    2   32  249   OK (calc: 249)
 186    1    3    0    0    0   54    2   32  249   OK (calc: 249)
 186    1    3    0    0    0   54    2   32  249   OK (calc: 249)
 186    1    3    0    0    0   54    2   32  249   OK (calc: 249)
 187    1    3    0    0    0   54    2   32  248   OK (calc: 248)
 186    1    3    0    0    0   54    2   32  249   OK (calc: 249)
 187    1    3    0    0    0   54    2   32  248   OK (calc: 248)
 186    1    3    0    0    0   54    2   32  249   OK (calc: 249)
 186    1    3    0    0    0   54    2   32  249   OK (calc: 249)
 186    1    3    0    0    0   54    2   32  249   OK (calc: 249)
 187    1    3    0    0    0   54    2   32  248   OK (calc: 248)
 187    1    3    0    0    0   54    2   32  248   OK (calc: 248)
 186    1    3    0    0    0   54    2   32  249   OK (calc: 249)
 186    1    3    0    0    0   54    2   32  249   OK (calc: 249)
 186    1    3    0    0    0   54    2   32  249   OK (calc: 249)
 187    1    3    0    0    0   54    2   32  248   OK (calc: 248)
 186    1    3    0    0    0   54    2   32  249   OK (calc: 249)
 186    1    3    0    0    0   54    2   32  249   OK (calc: 249)
 186    1    3    0    0    0   54    2   32  249   OK (calc: 249)
 186    1    3    0    0    0   54    2   32  249   OK (calc: 249)
 186    1    3    0    0    0   54    2   32  249   OK (calc: 249)
 186    1    3    0    0    0   54    2   32  249   OK (calc: 249)
 186    1    3    0    0    0   54    2   32  249   OK (calc: 249)
 186    1    3    0    0    0   54    2   32  249   OK (calc: 249)
 186    1    3    0    0    0   54    2   32  249   OK (calc: 249)
 186    1    3    0    0    0   54    2   32  249   OK (calc: 249)
 186    1    3    0    0    0   54    2   32  249   OK (calc: 249)
 186    1    3    0    0    0   54    2   32  249   OK (calc: 249)
 186    1    3    0    0    0   54    2   32  249   OK (calc: 249)
 186    1    3    0    0    0   54    2   32  249   OK (calc: 249)
 186    1    3    0    0    0   54    2   32  249   OK (calc: 249)
 186    1    3    0    0    0   54    2   32  249   OK (calc: 249)
 186    1    3    0    0    0   54    2   32  249   OK (calc: 249)
 186    1    3    0    0    0   54    2   32  249   OK (calc: 249)
 186    1    3    0    0    0   54    2   32  249   OK (calc: 249)
 186    1    3    0    0    0   54    2   32  249   OK (calc: 249)
 186    1    3    0    0    0   54    2   32  249   OK (calc: 249)
 186    1    3    0    0    0   54    2   32  249   OK (calc: 249)
 186    1    3    0    0    0   54    2   32  249   OK (calc: 249)
 186    1    3    0    0    0   54    2   32  249   OK (calc: 249)
 186    1    3    0    0    0   54    2   32  249   OK (calc: 249)
 187    1    3    0    0    0   54    2   32  248   OK (calc: 248)
 186    1    3    0    0    0   54    2   32  249   OK (calc: 249)
 186    1    3    0    0    0   54    2   32  249   OK (calc: 249)
 187    1    3    0    0    0   54    2   32  248   OK (calc: 248)
 186    1    3    0    0    0   54    2   32  249   OK (calc: 249)
 186    1    3    0    0    0   54    2   32  249   OK (calc: 249)
 187    1    3    0    0    0   54    2   32  248   OK (calc: 248)
 186    1    3    0    0    0   54    2   32  249   OK (calc: 249)
 186    1    3    0    0    0   54    2   32  249   OK (calc: 249)
 186    1    3    0    0    0   54    2   32  249   OK (calc: 249)
 186    1    3    0    0    0   54    2   32  249   OK (calc: 249)
 186    1    3    0    0    0   54    2   32  249   OK (calc: 249)
 186    1    3    0    0    0   54    2   32  249   OK (calc: 249)
 187    1    3    0    0    0   54    2   32  248   OK (calc: 248)
 187    1    3    0    0    0   54    2   32  248   OK (calc: 248)
 187    1    3    0    0    0   54    2   32  248   OK (calc: 248)
 186    1    3    0    0    0   54    2   32  249   OK (calc: 249)
 187    1    3    0    0    0   54    2   32  248   OK (calc: 248)
 187    1    3    0    0    0   54    2   32  248   OK (calc: 248)
 187    1    3    0    0    0   54    2   32  248   OK (calc: 248)
 187    1    3    0    0    0   54    2   32  248   OK (calc: 248)
 187    1    3    0    0    0   54    2   32  248   OK (calc: 248)
 187    1    3    0    0    0   54    2   32  248   OK (calc: 248)
 187    1    3    0    0    0   54    2   32  248   OK (calc: 248)
 187    1    3    0    0    0   54    2   32  248   OK (calc: 248)
 187    1    3    0    0    0   54    2   32  248   OK (calc: 248)
 187    1    3    0    0    0   54    2   32  248   OK (calc: 248)
 187    1    3    0    0    0   54    2   32  248   OK (calc: 248)
 187    1    3    0    0    0   54    2   32  248   OK (calc: 248)
 186    1    3    0    0    0   54    2   32  249   OK (calc: 249)
 186    1    3    0    0    0   54    2   32  249   OK (calc: 249)
 187    1    3    0    0    0   54    2   32  248   OK (calc: 248)
 187    1    3    0    0    0   54    2   32  248   OK (calc: 248)
 187    1    3    0    0    0   54    2   32  248   OK (calc: 248)
 187    1    3    0    0    0   54    2   32  248   OK (calc: 248)
 187    1    3    0    0    0   54    2   32  248   OK (calc: 248)
 186    1    3    0    0    0   54    2   32  249   OK (calc: 249)
 186    1    3    0    0    0   54    2   32  249   OK (calc: 249)
 186    1    3    0    0    0   54    2   32  249   OK (calc: 249)
 186    1    3    0    0    0   54    2   32  249   OK (calc: 249)
 187    1    3    0    0    0   54    2   32  248   OK (calc: 248)
 187    1    3    0    0    0   54    2   32  248   OK (calc: 248)
 186    1    3    0    0    0   54    2   32  249   OK (calc: 249)
 187    1    3    0    0    0   54    2   32  248   OK (calc: 248)
 187    1    3    0    0    0   54    2   32  248   OK (calc: 248)
 187    1    3    0    0    0   54    2   32  248   OK (calc: 248)
 187    1    3    0    0    0   54    2   32  248   OK (calc: 248)
 187    1    3    0    0    0   54    2   32  248   OK (calc: 248)
 187    1    3    0    0    0   54    2   32  248   OK (calc: 248)
 187    1    3    0    0    0   54    2   32  248   OK (calc: 248)
 187    1    3    0    0    0   54    2   32  248   OK (calc: 248)
 187    1    3    0    0    0   54    2   32  248   OK (calc: 248)
 187    1    3    0    0    0   54    2   32  248   OK (calc: 248)
 187    1    3    0    0    0   54    2   32  248   OK (calc: 248)
 187    1    3    0    0    0   54    2   32  248   OK (calc: 248)
 187    1    3    0    0    0   54    2   32  248   OK (calc: 248)
 187    1    3    0    0    0   54    2   32  248   OK (calc: 248)
 187    1    3    0    0    0   54    2   32  248   OK (calc: 248)
 187    1    3    0    0    0   54    2   32  248   OK (calc: 248)
 187    1    3    0    0    0   54    2   32  248   OK (calc: 248)
 187    1    3    0    0    0   54    2   32  248   OK (calc: 248)
 187    1    3    0    0    0   54    2   32  248   OK (calc: 248)
 187    1    3    0    0    0   54    2   32  248   OK (calc: 248)
 187    1    3    0    0    0   54    2   32  248   OK (calc: 248)
 187    1    3    0    0    0   54    2   32  248   OK (calc: 248)
 187    1    3    0    0    0   54    2   32  248   OK (calc: 248)
 187    1    3    0    0    0   54    2   32  248   OK (calc: 248)
 187    1    3    0    0    0   54    2   32  248   OK (calc: 248)
 187    1    3    0    0    0   54    2   32  248   OK (calc: 248)
 187    1    3    0    0    0   54    2   32  248   OK (calc: 248)
 187    1    3    0    0    0   54    2   32  248   OK (calc: 248)
 187    1    3    0    0    0   54    2   32  248   OK (calc: 248)
 187    1    3    0    0    0   54    2   32  248   OK (calc: 248)
 187    1    3    0    0    0   54    2   32  248   OK (calc: 248)
 187    1    3    0    0    0   54    2   32  248   OK (calc: 248)
 187    1    3    0    0    0   54    2   32  248   OK (calc: 248)
 187    1    3    0    0    0   54    2   32  248   OK (calc: 248)
 187    1    3    0    0    0   54    2   32  248   OK (calc: 248)
 187    1    3    0    0    0   54    2   32  248   OK (calc: 248)
 187    1    3    0    0    0   54    2   32  248   OK (calc: 248)
 187    1    3    0    0    0   54    2   32  248   OK (calc: 248)
 187    1    3    0    0    0   54    2   32  248   OK (calc: 248)
 187    1    3    0    0    0   54    2   32  248   OK (calc: 248)
 187    1    3    0    0    0   54    2   32  248   OK (calc: 248)
 187    1    3    0    0    0   54    2   32  248   OK (calc: 248)
 187    1    3    0    0    0   54    2   32  248   OK (calc: 248)
 187    1    3    0    0    0   54    2   32  248   OK (calc: 248)
 187    1    3    0    0    0   54    2   32  248   OK (calc: 248)
 187    1    3    0    0    0   54    2   32  248   OK (calc: 248)
 187    1    3    0    0    0   54    2   32  248   OK (calc: 248)
 187    1    3    0    0    0   54    2   32  248   OK (calc: 248)
 187    1    3    0    0    0   54    2   32  248   OK (calc: 248)
 187    1    3    0    0    0   54    2   32  248   OK (calc: 248)
 187    1    3    0    0    0   54    2   32  248   OK (calc: 248)
 187    1    3    0    0    0   54    2   32  248   OK (calc: 248)
 187    1    3    0    0    0   54    2   32  248   OK (calc: 248)
 187    1    3    0    0    0   54    2   32  248   OK (calc: 248)
 187    1    3    0    0    0   54    2   32  248   OK (calc: 248)
 187    1    3    0    0    0   54    2   32  248   OK (calc: 248)
 187    1    3    0    0    0   54    2   32  248   OK (calc: 248)
 187    1    3    0    0    0   54    2   32  248   OK (calc: 248)
 187    1    3    0    0    0   54    2   32  248   OK (calc: 248)
 187    1    3    0    0    0   54    2   32  248   OK (calc: 248)
 187    1    3    0    0    0   54    2   32  248   OK (calc: 248)
 187    1    3    0    0    0   54    2   32  248   OK (calc: 248)
 187    1    3    0    0    0   54    2   32  248   OK (calc: 248)
 187    1    3    0    0    0   54    2   32  248   OK (calc: 248)
 187    1    3    0    0    0   54    2   32  248   OK (calc: 248)
 187    1    3    0    0    0   54    2   32  248   OK (calc: 248)
 187    1    3    0    0    0   54    2   32  248   OK (calc: 248)
 187    1    3    0    0    0   54    2   32  248   OK (calc: 248)
 187    1    3    0    0    0   54    2   32  248   OK (calc: 248)
 187    1    3    0    0    0   54    2   32  248   OK (calc: 248)
 187    1    3    0    0    0   54    2   32  248   OK (calc: 248)
 187    1    3    0    0    0   54    2   32  248   OK (calc: 248)
 187    1    3    0    0    0   54    2   32  248   OK (calc: 248)
 187    1    3    0    0    0   54    2   32  248   OK (calc: 248)
 187    1    3    0    0    0   54    2   32  248   OK (calc: 248)
 187    1    3    0    0    0   54    2   32  248   OK (calc: 248)
 187    1    3    0    0    0   54    2   32  248   OK (calc: 248)
 187    1    3    0    0    0   54    2   32  248   OK (calc: 248)
 187    1    3    0    0    0   54    2   32  248   OK (calc: 248)
 187    1    3    0    0    0   54    2   32  248   OK (calc: 248)
 187    1    3    0    0    0   54    2   32  248   OK (calc: 248)
 187    1    3    0    0    0   54    2   32  248   OK (calc: 248)
 187    1    3    0    0    0   54    2   32  248   OK (calc: 248)
 187    1    3    0    0    0   54    2   32  248   OK (calc: 248)
 187    1    3    0    0    0   54    2   32  248   OK (calc: 248)
 187    1    3    0    0    0   54    2   32  248   OK (calc: 248)
 187    1    3    0    0    0   54    2   32  248   OK (calc: 248)
 187    1    3    0    0    0   54    2   32  248   OK (calc: 248)
 187    1    3    0    0    0   54    2   32  248   OK (calc: 248)
 187    1    3    0    0    0   54    2   32  248   OK (calc: 248)
 187    1    3    0    0    0   54    2   32  248   OK (calc: 248)
 187    1    3    0    0    0   54    2   32  248   OK (calc: 248)
 187    1    3    0    0    0   54    2   32  248   OK (calc: 248)
 187    1    3    0    0    0   54    2   32  248   OK (calc: 248)
 187    1    3    0    0    0   54    2   32  248   OK (calc: 248)
 187    1    3    0    0    0   54    2   32  248   OK (calc: 248)
 187    1    3    0    0    0   54    2   32  248   OK (calc: 248)
 187    1    3    0    0    0   54    2   32  248   OK (calc: 248)
 187    1    3    0    0    0   54    2   32  248   OK (calc: 248)
 187    1    3    0    0    0   54    2   32  248   OK (calc: 248)
 187    1    3    0    0    0   54    2   32  248   OK (calc: 248)
 187    1    3    0    0    0   54    2   32  248   OK (calc: 248)
 187    1    3    0    0    0   54    2   32  248   OK (calc: 248)
 187    1    3    0    0    0   54    2   32  248   OK (calc: 248)
 187    1    3    0    0    0   54    2   32  248   OK (calc: 248)
 187    1    3    0    0    0   54    2   32  248   OK (calc: 248)
 187    1    3    0    0    0   53    2   32  251   OK (calc: 251)
 187    1    3    0    0    0   54    2   32  248   OK (calc: 248)
 187    1    3    0    0    0   53    2   32  251   OK (calc: 251)
 187    1    3    0    0    0   53    2   32  251   OK (calc: 251)
 187    1    3    0    0    0   53    2   32  251   OK (calc: 251)
 187    1    3    0    0    0   53    2   32  251   OK (calc: 251)
 187    1    3    0    0    0   42    2   32  228   OK (calc: 228)
 187    1    3    0    0    0   13    2   32  195   OK (calc: 195)
 187    1    3    0    0    0  240    1   32   61   OK (calc: 61)
 187    1    3    0    0    0  212    1   36   29   OK (calc: 29)
 186    1    3    0    0    0  185    1   36  113   OK (calc: 113)
 186    1    3    0    0    0  159    1   36   87   OK (calc: 87)
 180    1    3    0    0    0  134    1   36   64   OK (calc: 64)
 151    1    3    0    0    0  111    1   36  138   OK (calc: 138)
 120    1    3    0    0    0   90    1   36   80   OK (calc: 80)
 186    1    3    0   86    2   54    2    0  141   OK (calc: 141)
 186    1    3    0    0    0   54    2    0  217   OK (calc: 217)
 186    1    3    0    0    0   54    2    0  217   OK (calc: 217)
 186    1    3    0    0    0   54    2    0  217   OK (calc: 217)
 186    1    3    0    0    0   54    2    0  217   OK (calc: 217)
 186    1    3    0    0    0   54    2    0  217   OK (calc: 217)
 186    1    3    0    0    0   54    2    0  217   OK (calc: 217)
 186    1    3    0    0    0   54    2    0  217   OK (calc: 217)
 186    1    3    0    0    0   54    2    0  217   OK (calc: 217)
 186    1    3    0    0    0   54    2    0  217   OK (calc: 217)
 186    1    3    0    0    0   54    2    0  217   OK (calc: 217)
 186    1    3    0    0    0   54    2    0  217   OK (calc: 217)
 186    1    3    0    0    0   54    2    0  217   OK (calc: 217)
 186    1    3    0    0    0   54    2    0  217   OK (calc: 217)
 186    1    3    0    0    0   54    2    0  217   OK (calc: 217)
 186    1    3    0    0    0   54    2    0  217   OK (calc: 217)
 186    1    3    0    0    0   54    2    0  217   OK (calc: 217)
 186    1    3    0    0    0   54    2    0  217   OK (calc: 217)
 186    1    3    0    0    0   54    2    0  217   OK (calc: 217)
 186    1    3    0    0    0   54    2    0  217   OK (calc: 217)
 186    1    3    0    0    0   54    2    0  217   OK (calc: 217)
 186    1    3    0    0    0   54    2    0  217   OK (calc: 217)
 186    1    3    0    0    0   54    2    0  217   OK (calc: 217)
 186    1    3    0    0    0   54    2    0  217   OK (calc: 217)
 186    1    3    0    0    0   54    2    0  217   OK (calc: 217)
 186    1    3    0    0    0   54    2    0  217   OK (calc: 217)
 186    1    3    0    0    0   54    2    0  217   OK (calc: 217)
 186    1    3    0    0    0   54    2    0  217   OK (calc: 217)
 186    1    3    0    0    0   54    2    0  217   OK (calc: 217)
 186    1    3    0    0    0   54    2    0  217   OK (calc: 217)
 186    1    3    0    0    0   54    2    0  217   OK (calc: 217)
 186    1    3    0    0    0   54    2    0  217   OK (calc: 217)
 186    1    3    0    0    0   54    2    0  217   OK (calc: 217)
 186    1    3    0    0    0   54    2    0  217   OK (calc: 217)
 187    1    3    0    0    0   54    2    0  216   OK (calc: 216)
 187    1    3    0    0    0   54    2    0  216   OK (calc: 216)
 186    1    3    0    0    0   54    2    0  217   OK (calc: 217)
 187    1    3    0    0    0   54    2    0  216   OK (calc: 216)
 187    1    3    0    0    0   54    2    0  216   OK (calc: 216)
 187    1    3    0    0    0   54    2    0  216   OK (calc: 216)
 187    1    3    0    0    0   54    2    0  216   OK (calc: 216)
 187    1    3    0    0    0   54    2    0  216   OK (calc: 216)
 187    1    3    0    0    0   54    2    0  216   OK (calc: 216)
 187    1    3    0    0    0   54    2    0  216   OK (calc: 216)
 187    1    3    0    0    0   54    2    0  216   OK (calc: 216)
 187    1    3    0    0    0   54    2    0  216   OK (calc: 216)
 187    1    3    0    0    0   54    2    0  216   OK (calc: 216)
 187    1    3    0    0    0   54    2    0  216   OK (calc: 216)
 187    1    3    0    0    0   54    2    0  216   OK (calc: 216)
 187    1    3    0    0    0   54    2    0  216   OK (calc: 216)
 187    1    3    0    0    0   54    2    0  216   OK (calc: 216)
 187    1    3    0    0    0   54    2    0  216   OK (calc: 216)
 187    1    3    0    0    0   54    2    0  216   OK (calc: 216)
 187    1    3    0    0    0   54    2    0  216   OK (calc: 216)
 187    1    3    0    0    0   54    2    0  216   OK (calc: 216)
 187    1    3    0    0    0   54    2    0  216   OK (calc: 216)
 187    1    3    0    0    0   54    2    0  216   OK (calc: 216)
 187    1    3    0    0    0   54    2    0  216   OK (calc: 216)
 187    1    3    0    0    0   54    2   16  200   OK (calc: 200)
 187    1    3    0    0    0   54    2   16  200   OK (calc: 200)
 187    1    3    0    0    0   54    2   16  200   OK (calc: 200)
 187    1    3    0    0    0   54    2   16  200   OK (calc: 200)
 187    1    3    0    0    0   54    2   16  200   OK (calc: 200)
 187    1    3    0    0    0   54    2   16  200   OK (calc: 200)
 187    1    3    0    0    0   54    2   16  200   OK (calc: 200)
 187    1    3    0    0    0   54    2   16  200   OK (calc: 200)
 187    1    3    0    0    0   54    2   16  200   OK (calc: 200)
 187    1    3    0    0    0   54    2   16  200   OK (calc: 200)
 187    1    3    0    0    0   54    2   16  200   OK (calc: 200)
 187    1    3    0    0    0   54    2   16  200   OK (calc: 200)
 187    1    3    0    0    0   54    2   16  200   OK (calc: 200)
 187    1    3    0    0    0   54    2   16  200   OK (calc: 200)
 187    1    3    0    0    0   54    2   16  200   OK (calc: 200)
 187    1    3    0    0    0   54    2   16  200   OK (calc: 200)
 187    1    3    0    0    0   54    2   16  200   OK (calc: 200)
 187    1    3    0    0    0   54    2   16  200   OK (calc: 200)
 187    1    3    0    0    0   54    2   16  200   OK (calc: 200)
 187    1    3    0    0    0   54    2   16  200   OK (calc: 200)
 187    1    3    0    0    0   54    2   16  200   OK (calc: 200)
 187    1    3    0    0    0   54    2   16  200   OK (calc: 200)
 187    1    3    0    0    0   54    2   16  200   OK (calc: 200)
 187    1    3    0    0    0   54    2   16  200   OK (calc: 200)
 187    1    3    0    0    0   54    2   16  200   OK (calc: 200)
 187    1    3    0    0    0   54    2   16  200   OK (calc: 200)
 187    1    3    0    0    0   54    2   16  200   OK (calc: 200)
 187    1    3    0    0    0   54    2   16  200   OK (calc: 200)
 187    1    3    0    0    0   54    2   16  200   OK (calc: 200)
 187    1    3    0    0    0   54    2   16  200   OK (calc: 200)
 187    1    3    0    0    0   54    2   16  200   OK (calc: 200)
 187    1    3    0    0    0   54    2   16  200   OK (calc: 200)
 187    1    3    0    0    0   54    2   16  200   OK (calc: 200)
 187    1    3    0    0    0   54    2   16  200   OK (calc: 200)
 187    1    3    0    0    0   54    2   16  200   OK (calc: 200)
 187    1    3    0    0    0   54    2   16  200   OK (calc: 200)
 187    1    3    0    0    0   54    2   16  200   OK (calc: 200)
 187    1    3    0    0    0   54    2   16  200   OK (calc: 200)
 187    1    3    0    0    0   54    2   16  200   OK (calc: 200)
 187    1    3    0    0    0   54    2   16  200   OK (calc: 200)
 187    1    3    0    0    0   54    2   16  200   OK (calc: 200)
 187    1    3    0    0    0   54    2   16  200   OK (calc: 200)
 187    1    3    0    0    0   54    2   16  200   OK (calc: 200)
 187    1    3    0    0    0   54    2   16  200   OK (calc: 200)
 187    1    3    0    0    0   54    2   16  200   OK (calc: 200)
 187    1    3    0    0    0   54    2   16  200   OK (calc: 200)
 187    1    3    0    0    0   54    2   16  200   OK (calc: 200)
 187    1    3    0    0    0   54    2   16  200   OK (calc: 200)
 187    1    3    0    0    0   54    2   16  200   OK (calc: 200)
 187    1    3    0    0    0   54    2   16  200   OK (calc: 200)
 187    1    3    0    0    0   54    2   16  200   OK (calc: 200)
 187    1    3    0    0    0   54    2   16  200   OK (calc: 200)
 187    1    3    0    0    0   54    2   16  200   OK (calc: 200)
 187    1    3    0    0    0   54    2   16  200   OK (calc: 200)
 187    1    3    0    0    0   54    2   16  200   OK (calc: 200)
 187    1    3    0    0    0   54    2   16  200   OK (calc: 200)
 187    1    3    0    0    0   54    2   16  200   OK (calc: 200)
 187    1    3    0    0    0   54    2   16  200   OK (calc: 200)
 187    1    3    0    0    0   54    2   16  200   OK (calc: 200)
 187    1    3    0    0    0   54    2   16  200   OK (calc: 200)
 187    1    3    0    0    0   53    2   16  203   OK (calc: 203)
 187    1    3    0    0    0   53    2   16  203   OK (calc: 203)
 187    1    3    0    0    0   53    2   16  203   OK (calc: 203)
 187    1    3    0    0    0   53    2   16  203   OK (calc: 203)
 187    1    3    0    0    0   53    2   16  203   OK (calc: 203)
 187    1    3    0    0    0   53    2   16  203   OK (calc: 203)
 187    1    3    0    0    0   53    2   16  203   OK (calc: 203)
 187    1    3    0    0    0   49    2   16  207   OK (calc: 207)
 187    1    3    0    0    0   25    2   16  231   OK (calc: 231)
 186    1    3    0    0    0  252    1   16    0   OK (calc: 0)
 186    1    3    0    0    0  224    1   20   24   OK (calc: 24)
 186    1    3    0    0    0  197    1   20   61   OK (calc: 61)
 186    1    3    0    0    0  171    1   20   83   OK (calc: 83)
 186    1    3    0    0    0  146    1   20  106   OK (calc: 106)
 167    1    3    0    0    0  122    1   20  159   OK (calc: 159)
 135    1    3    0    0    0  100    1   20  161   OK (calc: 161)
 108    1    3    0    4    0   82    1   20  120   OK (calc: 120)
 187    1    3    0   86    2   54    2    0  140   OK (calc: 140)
 187    1    3    0    0    0   54    2    0  216   OK (calc: 216)
 187    1    3    0    0    0   54    2    0  216   OK (calc: 216)
 187    1    3    0    0    0   54    2    0  216   OK (calc: 216)
 187    1    3    0    0    0   54    2    0  216   OK (calc: 216)
 187    1    3    0    0    0   54    2    0  216   OK (calc: 216)
 187    1    3    0    0    0   54    2    0  216   OK (calc: 216)
 187    1    3    0    0    0   54    2    0  216   OK (calc: 216)
 187    1    3    0    0    0   54    2    0  216   OK (calc: 216)
 187    1    3    0    0    0   54    2    0  216   OK (calc: 216)
 187    1    3    0    0    0   54    2    0  216   OK (calc: 216)
 187    1    3    0    0    0   54    2    0  216   OK (calc: 216)
 187    1    3    0    0    0   54    2    0  216   OK (calc: 216)
 187    1    3    0    0    0   54    2    0  216   OK (calc: 216)
 187    1    3    0    0    0   54    2    0  216   OK (calc: 216)
 187    1    3    0    0    0   54    2    0  216   OK (calc: 216)
 187    1    3    0    0    0   54    2    0  216   OK (calc: 216)
 187    1    3    0    0    0   54    2    0  216   OK (calc: 216)
 187    1    3    0    0    0   54    2    0  216   OK (calc: 216)
 187    1    3    0    0    0   54    2    0  216   OK (calc: 216)
 187    1    3    0    0    0   54    2    0  216   OK (calc: 216)
 187    1    3    0    0    0   54    2    0  216   OK (calc: 216)
 187    1    3    0    0    0   54    2    0  216   OK (calc: 216)
 187    1    3    0    0    0   54    2    0  216   OK (calc: 216)
 187    1    3    0    0    0   54    2    0  216   OK (calc: 216)
 187    1    3    0    0    0   54    2    0  216   OK (calc: 216)
 187    1    3    0    0    0   54    2    0  216   OK (calc: 216)
 187    1    3    0    0    0   54    2    0  216   OK (calc: 216)
 187    1    3    0    0    0   54    2    0  216   OK (calc: 216)
 187    1    3    0    0    0   54    2    0  216   OK (calc: 216)
 187    1    3    0    0    0   54    2    0  216   OK (calc: 216)
 187    1    3    0    0    0   54    2    0  216   OK (calc: 216)
 187    1    3    0    0    0   54    2    0  216   OK (calc: 216)
 187    1    3    0    0    0   54    2    0  216   OK (calc: 216)
 187    1    3    0    0    0   54    2    0  216   OK (calc: 216)
 187    1    3    0    0    0   54    2    0  216   OK (calc: 216)
 187    1    3    0    0    0   54    2    0  216   OK (calc: 216)
 187    1    3    0    0    0   54    2    0  216   OK (calc: 216)
 187    1    3    0    0    0   54    2    0  216   OK (calc: 216)
 187    1    3    0    0    0   54    2    0  216   OK (calc: 216)
 187    1    3    0    0    0   54    2    0  216   OK (calc: 216)
 187    1    3    0    0    0   54    2    0  216   OK (calc: 216)
 187    1    3    0    0    0   54    2    0  216   OK (calc: 216)
 187    1    3    0    0    0   54    2    0  216   OK (calc: 216)
 187    1    3    0    0    0   54    2    0  216   OK (calc: 216)
 187    1    3    0    0    0   54    2    0  216   OK (calc: 216)
 187    1    3    0    0    0   54    2    0  216   OK (calc: 216)
 187    1    3    0    0    0   54    2    0  216   OK (calc: 216)
 187    1    3    0    0    0   54    2    0  216   OK (calc: 216)
 187    1    3    0    0    0   54    2    0  216   OK (calc: 216)
 187    1    3    0    0    0   54    2    0  216   OK (calc: 216)
 187    1    3    0    0    0   54    2    0  216   OK (calc: 216)
 187    1    3    0    0    0   54    2    0  216   OK (calc: 216)
 187    1    3    0    0    0   54    2    0  216   OK (calc: 216)
 187    1    3    0    0    0   54    2    0  216   OK (calc: 216)
 187    1    3    0    0    0   54    2    0  216   OK (calc: 216)
 187    1    3    0    0    0   54    2    0  216   OK (calc: 216)
 187    1    3    0    0    0   54    2    0  216   OK (calc: 216)
 187    1    3    0    0    0   54    2    0  216   OK (calc: 216)
 187    1    3    0    0    0   54    2    0  216   OK (calc: 216)
 187    1    3    0    0    0   54    2    0  216   OK (calc: 216)
 187    1    3    0    0    0   54    2    0  216   OK (calc: 216)
 187    1    3    0    0    0   54    2    0  216   OK (calc: 216)
 187    1    3    0    0    0   54    2    0  216   OK (calc: 216)
 187    1    3    0    0    0   54    2    0  216   OK (calc: 216)
 187    1    3    0    0    0   54    2    0  216   OK (calc: 216)
 187    1    3    0    0    0   54    2    0  216   OK (calc: 216)
 187    1    3    0    0    0   54    2    0  216   OK (calc: 216)
 187    1    3    0    0    0   54    2    0  216   OK (calc: 216)
 187    1    3    0    0    0   54    2    0  216   OK (calc: 216)
 187    1    3    0    0    0   54    2    0  216   OK (calc: 216)
 187    1    3    0    0    0   54    2    0  216   OK (calc: 216)
 187    1    3    0    0    0   54    2    0  216   OK (calc: 216)
 187    1    3    0    0    0   54    2    0  216   OK (calc: 216)
 187    1    3    0    0    0   54    2    0  216   OK (calc: 216)
 187    1    3    0    0    0   54    2    0  216   OK (calc: 216)
 187    1    3    0    0    0   54    2    0  216   OK (calc: 216)
 187    1    3    0    0    0   54    2    0  216   OK (calc: 216)
 187    1    3    0    0    0   54    2    0  216   OK (calc: 216)
 187    1    3    0    0    0   54    2    0  216   OK (calc: 216)
 187    1    3    0    0    0   54    2    0  216   OK (calc: 216)
 187    1    3    0    0    0   54    2    0  216   OK (calc: 216)
 187    1    3    0    0    0   54    2    0  216   OK (calc: 216)
 187    1    3    0    0    0   54    2    0  216   OK (calc: 216)
 187    1    3    0    0    0   54    2    0  216   OK (calc: 216)
 187    1    3    0    0    0   54    2    0  216   OK (calc: 216)
 187    1    3    0    0    0   54    2    0  216   OK (calc: 216)
 187    1    3    0    0    0   54    2    0  216   OK (calc: 216)
 187    1    3    0    0    0   54    2    0  216   OK (calc: 216)
 187    1    3    0    0    0   54    2    0  216   OK (calc: 216)
 187    1    3    0    0    0   54    2    0  216   OK (calc: 216)
 187    1    3    0    0    0   54    2    0  216   OK (calc: 216)
 187    1    3    0    0    0   54    2    0  216   OK (calc: 216)
 187    1    3    0    0    0   54    2    0  216   OK (calc: 216)
 187    1    3    0    0    0   54    2    0  216   OK (calc: 216)
 187    1    3    0    0    0   54    2    0  216   OK (calc: 216)
 187    1    3    0    0    0   54    2    0  216   OK (calc: 216)
 187    1    3    0    0    0   54    2    0  216   OK (calc: 216)
 187    1    3    0    0    0   54    2    0  216   OK (calc: 216)
 187    1    3    0    0    0   54    2    0  216   OK (calc: 216)
 187    1    3    0    0    0   54    2    0  216   OK (calc: 216)
 187    1    3    0    0    0   54    2    0  216   OK (calc: 216)
 187    1    3    0    0    0   54    2    0  216   OK (calc: 216)
 187    1    3    0    0    0   54    2    0  216   OK (calc: 216)
 187    1    3    0    0    0   54    2    0  216   OK (calc: 216)
 187    1    3    0    0    0   54    2    0  216   OK (calc: 216)
 187    1    3    0    0    0   54    2    0  216   OK (calc: 216)
 187    1    3    0    0    0   54    2   16  200   OK (calc: 200)
 187    1    3    0    0    0   54    2   16  200   OK (calc: 200)
 187    1    3    0    0    0   54    2   16  200   OK (calc: 200)
 187    1    3    0    0    0   54    2   16  200   OK (calc: 200)
 187    1    3    0    0    0   54    2   16  200   OK (calc: 200)
 187    1    3    0    0    0   54    2   16  200   OK (calc: 200)
 187    1    3    0    0    0   54    2   16  200   OK (calc: 200)
 187    1    3    0    0    0   54    2   16  200   OK (calc: 200)
 187    1    3    0    0    0   54    2   16  200   OK (calc: 200)
 187    1    3    0    0    0   54    2   16  200   OK (calc: 200)
 187    1    3    0    0    0   54    2   16  200   OK (calc: 200)
 187    1    3    0    0    0   54    2   16  200   OK (calc: 200)
 187    1    3    0    0    0   54    2   16  200   OK (calc: 200)
 187    1    3    0    0    0   54    2   16  200   OK (calc: 200)
 187    1    3    0    0    0   54    2   16  200   OK (calc: 200)
 187    1    3    0    0    0   54    2   16  200   OK (calc: 200)
 187    1    3    0    0    0   54    2   16  200   OK (calc: 200)
 187    1    3    0    0    0   54    2   16  200   OK (calc: 200)
 187    1    3    0    0    0   54    2   16  200   OK (calc: 200)
 187    1    3    0    0    0   54    2   16  200   OK (calc: 200)
 187    1    3    0    0    0   54    2   16  200   OK (calc: 200)
 187    1    3    0    0    0   54    2   16  200   OK (calc: 200)
 187    1    3    0    0    0   54    2   16  200   OK (calc: 200)
 187    1    3    0    0    0   54    2   16  200   OK (calc: 200)
 187    1    3    0    0    0   54    2   16  200   OK (calc: 200)
 187    1    3    0    0    0   54    2   16  200   OK (calc: 200)
 187    1    3    0    0    0   54    2   16  200   OK (calc: 200)
 187    1    3    0    0    0   54    2   16  200   OK (calc: 200)
 187    1    3    0    0    0   54    2   16  200   OK (calc: 200)
 187    1    3    0    0    0   54    2   16  200   OK (calc: 200)
 187    1    3    0    0    0   54    2   16  200   OK (calc: 200)
 187    1    3    0    0    0   54    2   16  200   OK (calc: 200)
 187    1    3    0    0    0   54    2   16  200   OK (calc: 200)
 187    1    3    0    0    0   54    2   16  200   OK (calc: 200)
 187    1    3    0    0    0   54    2   16  200   OK (calc: 200)
 187    1    3    0    0    0   54    2   16  200   OK (calc: 200)
 187    1    3    0    0    0   54    2   16  200   OK (calc: 200)
 187    1    3    0    0    0   54    2   16  200   OK (calc: 200)
 187    1    3    0    0    0   54    2   16  200   OK (calc: 200)
 187    1    3    0    0    0   54    2   16  200   OK (calc: 200)
 187    1    3    0    0    0   54    2   16  200   OK (calc: 200)
 187    1    3    0    0    0   54    2   16  200   OK (calc: 200)
 187    1    3    0    0    0   54    2   16  200   OK (calc: 200)
 187    1    3    0    0    0   54    2   16  200   OK (calc: 200)
 187    1    3    0    0    0   54    2   16  200   OK (calc: 200)
 187    1    3    0    0    0   54    2   16  200   OK (calc: 200)
 187    1    3    0    0    0   54    2   16  200   OK (calc: 200)
 187    1    3    0    0    0   54    2   16  200   OK (calc: 200)
 187    1    3    0    0    0   54    2   16  200   OK (calc: 200)
 187    1    3    0    0    0   54    2   16  200   OK (calc: 200)
 187    1    3    0    0    0   54    2   16  200   OK (calc: 200)
 187    1    3    0    0    0   54    2   16  200   OK (calc: 200)
 187    1    3    0    0    0   54    2   16  200   OK (calc: 200)
 187    1    3    0    0    0   54    2   16  200   OK (calc: 200)
 187    1    3    0    0    0   54    2   16  200   OK (calc: 200)
 187    1    3    0    0    0   54    2   16  200   OK (calc: 200)
 187    1    3    0    0    0   54    2   16  200   OK (calc: 200)
 187    1    3    0    0    0   54    2   16  200   OK (calc: 200)
 187    1    3    0    0    0   54    2   16  200   OK (calc: 200)
 187    1    3    0    0    0   54    2   16  200   OK (calc: 200)
 187    1    3    0    0    0   54    2   16  200   OK (calc: 200)
 187    1    3    0    0    0   54    2   16  200   OK (calc: 200)
 187    1    3    0    0    0   54    2   16  200   OK (calc: 200)
 187    1    3    0    0    0   54    2   16  200   OK (calc: 200)
 187    1    3    0    0    0   54    2   16  200   OK (calc: 200)
 187    1    3    0    0    0   54    2   16  200   OK (calc: 200)
 187    1    3    0    0    0   54    2   16  200   OK (calc: 200)
 187    1    3    0    0    0   54    2   16  200   OK (calc: 200)
 187    1    3    0    0    0   54    2   16  200   OK (calc: 200)
 187    1    3    0    0    0   54    2   16  200   OK (calc: 200)
 187    1    3    0    0    0   54    2   16  200   OK (calc: 200)
 187    1    3    0    0    0   54    2   16  200   OK (calc: 200)
 187    1    3    0    0    0   54    2   16  200   OK (calc: 200)
 187    1    3    0    0    0   54    2   16  200   OK (calc: 200)
 187    1    3    0    0    0   54    2   16  200   OK (calc: 200)
 187    1    3    0    0    0   54    2   16  200   OK (calc: 200)
 187    1    3    0    0    0   54    2   16  200   OK (calc: 200)
 187    1    3    0    0    0   54    2   16  200   OK (calc: 200)
 187    1    3    0    0    0   54    2   16  200   OK (calc: 200)
 187    1    3    0    0    0   54    2   16  200   OK (calc: 200)
 187    1    3    0    0    0   53    2   16  203   OK (calc: 203)
 187    1    3    0    0    0   53    2   16  203   OK (calc: 203)
 187    1    3    0    0    0   53    2   16  203   OK (calc: 203)
 187    1    3    0    0    0   53    2   16  203   OK (calc: 203)
 187    1    3    0    0    0   53    2   16  203   OK (calc: 203)
 187    1    3    0    0    0   53    2   16  203   OK (calc: 203)
 187    1    3    0    0    0   53    2   16  203   OK (calc: 203)
 187    1    3    0    0    0   53    2   16  203   OK (calc: 203)
 187    1    3    0    0    0   52    2   16  202   OK (calc: 202)
 187    1    3    0    0    0   52    2   16  202   OK (calc: 202)
 187    1    3    0    0    0   52    2   16  202   OK (calc: 202)
 187    1    3    0    0    0   34    2   16  220   OK (calc: 220)
 187    1    3    0    0    0    3    2   16  253   OK (calc: 253)
 187    1    3    0    0    0  229    1   20   28   OK (calc: 28)
 187    1    3    0    0    0  201    1   20   48   OK (calc: 48)
 187    1    3    0    0    0  173    1   20   84   OK (calc: 84)
 186    1    3    0    0    0  147    1   20  107   OK (calc: 107)
 165    1    3    0    0    0  122    1   20  157   OK (calc: 157)
 132    1    3    0    0    0   99    1   20  165   OK (calc: 165)
 106    1    3    0    7    0   81    1   20  126   OK (calc: 126)
