 136    1  246    2   86    2  149    3    0  234
 136    1  253    2    0    0  153    3    0  185
 136    1  251    2    0    0  153    3    0  191
 136    1  241    2    0    0  144    3    0  188
 136    1  235    2    0    0  137    3    0  191
 136    1  233    2    0    0  134    3    0  178
 136    1  232    2    0    0  133    3    0  176
 136    1  231    2    0    0  132    3    0  190
 136    1  231    2    0    0  132    3    0  190
 136    1  231    2    0    0  132    3    0  190
 137    1  231    2    0    0  132    3    0  191
 137    1  229    2    3    0  129    3    0  187
 137    1  226    2    5    0  127    3    0   68
 137    1  225    2    5    0  127    3    0   71
